@EnriquePalacios99 ➜ /workspaces/ahpc-pd2 (main) $ mpiexec --oversubscribe -n 4 python knn_digits_par.py 50000 3
[Ranks: 4] n_train=45000 n_test=5000 k=3
Total      :  22.0838 s
  Distrib  :   0.0369 s
  Cómputo  :  21.0119 s
  Recolec  :   1.0350 s
Accuracy   :   0.8714

Confusion matrix
 [[429   7   4  14   5   9  10   2   7  13]
 [  3 437  10   7   7  10   5   6   5   9]
 [  6   5 434   7   6   5   4  12  12  10]
 [  6   9   4 445   8   5   5  12   2   5]
 [  4   5   8  13 435   7  11   5   5   7]
 [ 10  14   3  13   9 419   6   5  13   7]
 [  3   3   6   3   7   2 456   4  10   5]
 [  9   8   5   8  13   4   3 435   6  10]
 [  8  13   8   5   8   8   5   7 431   7]
 [  5   8   8   5   6   7   9  10   6 436]]

Classification report
               precision    recall  f1-score   support

           0     0.8882    0.8580    0.8728       500
           1     0.8585    0.8758    0.8671       499
           2     0.8857    0.8663    0.8759       501
           3     0.8558    0.8882    0.8717       501
           4     0.8631    0.8700    0.8665       500
           5     0.8803    0.8397    0.8595       499
           6     0.8872    0.9138    0.9003       499
           7     0.8735    0.8683    0.8709       501
           8     0.8672    0.8620    0.8646       500
           9     0.8566    0.8720    0.8642       500

    accuracy                         0.8714      5000
   macro avg     0.8716    0.8714    0.8713      5000
weighted avg     0.8716    0.8714    0.8713      5000