@EnriquePalacios99 ➜ /workspaces/ahpc-pd2 (main) $ mpiexec -n 1 python knn_digits_par.py 200000 5

[Ranks: 1] n_train=180000 n_test=20000 k=5
Total      : 664.7723 s
  Distrib  :   0.0135 s
  Cómputo  : 664.4923 s
  Recolec  :   0.2665 s
Accuracy   :   0.9422

Confusion matrix
 [[1869   17   14   12   19   14   13   17   10   14]
 [  16 1871   18   15   10    8   16   12   12   21]
 [   9   11 1890    6   14    8   14   17   10   17]
 [   8   13    8 1895   13   13   14   10   15   14]
 [   6   14   17   14 1877    8   18   13   13   21]
 [  10    7   19    9    8 1887    9   11   18   21]
 [  14   14    9   10   10   10 1898   13   11   10]
 [  15   13   12   15   12   16   14 1876   18   12]
 [  11   15    6   13   15    6   18   17 1878   20]
 [   9    5   12   14   14   11   16    6   12 1903]]

Classification report
               precision    recall  f1-score   support

           0     0.9502    0.9350    0.9425      1999
           1     0.9449    0.9360    0.9404      1999
           2     0.9426    0.9469    0.9448      1996
           3     0.9461    0.9461    0.9461      2003
           4     0.9423    0.9380    0.9401      2001
           5     0.9525    0.9440    0.9482      1999
           6     0.9350    0.9495    0.9422      1999
           7     0.9418    0.9366    0.9392      2003
           8     0.9404    0.9395    0.9399      1999
           9     0.9269    0.9505    0.9386      2002

    accuracy                         0.9422     20000
   macro avg     0.9423    0.9422    0.9422     20000
weighted avg     0.9423    0.9422    0.9422     20000