@EnriquePalacios99 ➜ /workspaces/ahpc-pd2 (main) $ mpiexec --oversubscribe -n 16 python knn_digits_par.py 50000 5
[Ranks: 16] n_train=45008 n_test=5000 k=5
Total      :  26.9173 s
  Distrib  :   1.2031 s
  Cómputo  :  21.6293 s
  Recolec  :   4.0850 s
Accuracy   :   0.8760

Confusion matrix
 [[445   5   4  10   2   9   6   1   5  13]
 [ 25 437   4   6   4   7   1   1   6   8]
 [ 21   2 446   2   5   1   5   5   3  11]
 [ 24   5   1 451   5   2   3   6   1   3]
 [ 36   6   3   6 430   5   5   2   3   4]
 [ 27  12   2  10  10 414   6   2  12   4]
 [ 15   3   5   4   5   2 450   1   8   6]
 [ 31   1   1   2   3   4   4 446   3   6]
 [ 29   8   5   8   4   5   1   4 430   6]
 [ 21   7   7   1   5   5   5  11   7 431]]

Classification report
               precision    recall  f1-score   support

           0     0.6602    0.8900    0.7581       500
           1     0.8992    0.8758    0.8873       499
           2     0.9331    0.8902    0.9111       501
           3     0.9020    0.9002    0.9011       501
           4     0.9091    0.8600    0.8839       500
           5     0.9119    0.8297    0.8688       499
           6     0.9259    0.9018    0.9137       499
           7     0.9311    0.8902    0.9102       501
           8     0.8996    0.8600    0.8793       500
           9     0.8760    0.8620    0.8690       500

    accuracy                         0.8760      5000
   macro avg     0.8848    0.8760    0.8783      5000
weighted avg     0.8848    0.8760    0.8783      5000